<?xml version="1.0" encoding="UTF-8" standalone="no" ?>
<COLLADA xmlns="http://www.collada.org/2005/11/COLLADASchema" version="1.4.1">
    <asset>
        <contributor>
            <authoring_tool>SketchUp 13.0.4812</authoring_tool>
        </contributor>
        <created>2014-01-08T14:52:29Z</created>
        <modified>2014-01-08T14:52:29Z</modified>
        <unit meter="0.0254" name="inch" />
        <up_axis>Z_UP</up_axis>
    </asset>
    <library_visual_scenes>
        <visual_scene id="ID1">
            <node name="SketchUp">
                <node id="ID2" name="instance_0">
                    <matrix>1 0 0 -472.4409 0 1 0 157.4803 0 0 1 -8.087861 0 0 0 1</matrix>
                    <instance_node url="#ID3" />
                </node>
                <node id="ID17" name="instance_1">
                    <matrix>1 0 0 -472.4409 0 1 0 472.4409 0 0 1 -353.6925 0 0 0 1</matrix>
                    <instance_node url="#ID18" />
                </node>
                <node id="ID32" name="instance_2">
                    <matrix>0.9947126 4.904312e-032 -0.1026978 -87.56317 -4.930381e-032 1 0 157.4803 0.1026978 5.063394e-033 0.9947126 241.3886 0 0 0 1</matrix>
                    <instance_node url="#ID33" />
                </node>
                <node id="ID47" name="instance_3">
                    <matrix>0.9853358 3.249267e-016 -0.1706264 -167.2502 -2.786552e-016 1 2.951347e-016 157.4803 0.1706264 -2.432608e-016 0.9853358 232.6469 0 0 0 1</matrix>
                    <instance_node url="#ID33" />
                </node>
                <node id="ID48" name="instance_4">
                    <matrix>0.9713257 4.789006e-032 -0.2377526 -246.1507 -4.930381e-032 1 0 157.4803 0.2377526 1.172211e-032 0.9713257 218.4645 0 0 0 1</matrix>
                    <instance_node url="#ID33" />
                </node>
                <node id="ID49" name="instance_5">
                    <matrix>0.9527483 5.51288e-016 -0.3037609 -323.8938 -5.498055e-016 1 9.040581e-017 157.4803 0.3037609 8.087545e-017 0.9527483 198.9083 0 0 0 1</matrix>
                    <instance_node url="#ID33" />
                </node>
                <node id="ID50" name="instance_6">
                    <matrix>0.9296908 4.58373e-032 -0.3683409 -400.1139 -4.930381e-032 1 0 157.4803 0.3683409 1.816061e-032 0.9296908 174.0701 0 0 0 1</matrix>
                    <instance_node url="#ID33" />
                </node>
                <node id="ID51" name="instance_7">
                    <matrix>1 0 0 -472.4409 0 1 0 157.4803 0 0 1 -353.6925 0 0 0 1</matrix>
                    <instance_node url="#ID52" />
                </node>
                <node id="ID61" name="instance_8">
                    <matrix>1 0 0 -472.4409 0 1 0 161.4173 0 0 1 133.6444 0 0 0 1</matrix>
                    <instance_node url="#ID62" />
                </node>
                <node id="ID71" name="instance_9">
                    <matrix>1 0 0 -472.4409 0 1 0 173.2283 0 0 1 133.6444 0 0 0 1</matrix>
                    <instance_node url="#ID62" />
                </node>
                <node id="ID72" name="instance_10">
                    <matrix>1 0 0 -397.144 0 1 0 236.2205 0 0 1 256.7227 0 0 0 1</matrix>
                    <instance_node url="#ID73" />
                </node>
                <node id="ID82" name="instance_11">
                    <matrix>1 0 0 -405.018 0 1 0 236.2205 0 0 1 268.5338 0 0 0 1</matrix>
                    <instance_node url="#ID83" />
                </node>
                <node id="ID155" name="instance_13">
                    <matrix>1 0 0 -397.144 0 -1 0 314.9606 -0 0 1 268.5338 0 0 0 1</matrix>
                    <instance_node url="#ID156" />
                </node>
                <node id="ID231" name="instance_14">
                    <matrix>1 0 0 -398.621 0 1 0 177.1654 0 0 1 129.7074 0 0 0 1</matrix>
                    <instance_node url="#ID232" />
                </node>
                <node id="ID257" name="instance_15">
                    <matrix>1 0 0 -398.621 0 1 0 157.4803 0 0 1 129.7074 0 0 0 1</matrix>
                    <instance_node url="#ID232" />
                </node>
                <node id="ID258" name="instance_16">
                    <matrix>-1 -3.053113e-016 -7.867147e-033 3.925146 3.053113e-016 -1 0 472.4409 -7.867147e-033 -2.401929e-048 1 244.9117 0 0 0 1</matrix>
                    <instance_node url="#ID33" />
                </node>
                <node id="ID259" name="instance_17">
                    <matrix>1 0 0 -397.144 0 1 0 314.9606 0 0 1 268.5338 0 0 0 1</matrix>
                    <instance_node url="#ID260" />
                </node>
                <node id="ID333" name="instance_18">
                    <matrix>1 0 0 -503.937 0 1 0 209.3978 0 0 1 -290.4859 0 0 0 1</matrix>
                    <instance_node url="#ID334" />
                </node>
                <node id="ID369" name="instance_19">
                    <matrix>1 0 0 -497.6378 0 1 0 157.4803 0 0 1 -353.6925 0 0 0 1</matrix>
                    <instance_node url="#ID370" />
                </node>
                <node id="ID461" name="instance_21">
                    <matrix>1 0 0 -497.6378 0 1 0 211.896 0 0 1 -249.1086 0 0 0 1</matrix>
                    <instance_node url="#ID462" />
                </node>
                <node id="ID503" name="instance_22">
                    <matrix>-1 -4.930381e-032 8.224082e-032 3.925146 -4.930381e-032 1 0 157.4803 8.224082e-032 4.054786e-063 1 244.9117 0 0 0 1</matrix>
                    <instance_node url="#ID504" />
                </node>
                <node id="ID513" name="instance_23">
                    <matrix>-1 0 0 472.4409 0 1 0 157.4803 0 -0 1 -353.6925 0 0 0 1</matrix>
                    <instance_node url="#ID514" />
                </node>
                <node id="ID523" name="instance_24">
                    <matrix>-1 0 0 397.144 0 -1 0 314.9606 0 0 1 268.5338 0 0 0 1</matrix>
                    <instance_node url="#ID260" />
                </node>
                <node id="ID524" name="instance_25">
                    <matrix>-0.9853358 -3.249267e-016 0.1706264 167.2502 -2.786552e-016 1 2.951347e-016 157.4803 0.1706264 -2.432608e-016 0.9853358 232.6469 0 0 0 1</matrix>
                    <instance_node url="#ID504" />
                </node>
                <node id="ID525" name="instance_26">
                    <matrix>-1 0 0 397.144 0 1 0 236.2205 0 -0 1 256.7227 0 0 0 1</matrix>
                    <instance_node url="#ID526" />
                </node>
                <node id="ID535" name="instance_27">
                    <matrix>-1 0 0 472.4409 0 1 0 173.2283 0 -0 1 133.6444 0 0 0 1</matrix>
                    <instance_node url="#ID536" />
                </node>
                <node id="ID545" name="instance_28">
                    <matrix>-1 0 0 472.4409 0 1 0 157.4803 0 -0 1 -8.087861 0 0 0 1</matrix>
                    <instance_node url="#ID546" />
                </node>
                <node id="ID555" name="instance_29">
                    <matrix>-1 0 0 472.4409 0 1 0 161.4173 0 -0 1 133.6444 0 0 0 1</matrix>
                    <instance_node url="#ID536" />
                </node>
                <node id="ID556" name="instance_30">
                    <matrix>-1 0 0 497.6378 0 1 0 157.4803 0 -0 1 -353.6925 0 0 0 1</matrix>
                    <instance_node url="#ID557" />
                </node>
                <node id="ID636" name="instance_31">
                    <matrix>-1 0 0 397.144 0 1 0 314.9606 0 -0 1 268.5338 0 0 0 1</matrix>
                    <instance_node url="#ID156" />
                </node>
                <node id="ID637" name="instance_32">
                    <matrix>-1 0 0 405.018 0 1 0 236.2205 0 -0 1 268.5338 0 0 0 1</matrix>
                    <instance_node url="#ID638" />
                </node>
                <node id="ID705" name="instance_33">
                    <matrix>-0.9713257 -4.438197e-032 0.2377526 246.1507 -4.569216e-032 1 0 157.4803 0.2377526 1.086343e-032 0.9713257 218.4645 0 0 0 1</matrix>
                    <instance_node url="#ID504" />
                </node>
                <node id="ID706" name="instance_34">
                    <matrix>-1 0 0 398.621 0 1 0 157.4803 0 -0 1 129.7074 0 0 0 1</matrix>
                    <instance_node url="#ID707" />
                </node>
                <node id="ID732" name="instance_35">
                    <matrix>-0.9947126 -9.567888e-032 0.1026978 87.56317 -9.618746e-032 1 0 157.4803 0.1026978 9.878243e-033 0.9947126 241.3886 0 0 0 1</matrix>
                    <instance_node url="#ID504" />
                </node>
                <node id="ID733" name="instance_36">
                    <matrix>-0.9527483 -5.51288e-016 0.3037609 323.8938 -5.498055e-016 1 9.040581e-017 157.4803 0.3037609 8.087545e-017 0.9527483 198.9083 0 0 0 1</matrix>
                    <instance_node url="#ID504" />
                </node>
                <node id="ID734" name="instance_37">
                    <matrix>-0.9296908 -3.839358e-032 0.3683409 400.1139 -4.129714e-032 1 0 157.4803 0.3683409 1.521143e-032 0.9296908 174.0701 0 0 0 1</matrix>
                    <instance_node url="#ID504" />
                </node>
                <node id="ID735" name="instance_38">
                    <matrix>-1 0 0 398.621 0 1 0 177.1654 0 -0 1 129.7074 0 0 0 1</matrix>
                    <instance_node url="#ID707" />
                </node>
                <node id="ID736" name="instance_39">
                    <matrix>-1 0 0 497.6378 0 1 0 211.896 0 -0 1 -249.1086 0 0 0 1</matrix>
                    <instance_node url="#ID737" />
                </node>
                <node id="ID778" name="instance_40">
                    <matrix>-1 0 0 503.937 0 1 0 209.3978 0 -0 1 -290.4859 0 0 0 1</matrix>
                    <instance_node url="#ID779" />
                </node>
                <node id="ID812" name="instance_41">
                    <matrix>1 3.053113e-016 7.867147e-033 -3.925146 3.053113e-016 -1 0 472.4409 -7.867147e-033 -2.401929e-048 1 244.9117 0 0 0 1</matrix>
                    <instance_node url="#ID504" />
                </node>
                <node id="ID813" name="instance_42">
                    <matrix>-1 0 0 472.4409 0 1 0 448.8189 0 -0 1 -353.6925 0 0 0 1</matrix>
                    <instance_node url="#ID514" />
                </node>
                <node id="ID814" name="instance_43">
                    <matrix>1 0 0 -472.4409 0 1 0 464.5669 0 0 1 133.6444 0 0 0 1</matrix>
                    <instance_node url="#ID62" />
                </node>
                <node id="ID815" name="instance_44">
                    <matrix>-1 0 0 472.4409 0 1 0 464.5669 0 -0 1 133.6444 0 0 0 1</matrix>
                    <instance_node url="#ID536" />
                </node>
                <node id="ID816" name="instance_45">
                    <matrix>1 0 0 -398.621 0 1 0 448.8189 0 0 1 129.7074 0 0 0 1</matrix>
                    <instance_node url="#ID232" />
                </node>
                <node id="ID817" name="instance_46">
                    <matrix>-1 0 0 472.4409 0 1 0 452.7559 0 -0 1 133.6444 0 0 0 1</matrix>
                    <instance_node url="#ID536" />
                </node>
                <node id="ID818" name="instance_47">
                    <matrix>1 0 0 -398.621 0 1 0 468.5039 0 0 1 129.7074 0 0 0 1</matrix>
                    <instance_node url="#ID232" />
                </node>
                <node id="ID819" name="instance_48">
                    <matrix>-1 0 0 398.621 0 1 0 448.8189 0 -0 1 129.7074 0 0 0 1</matrix>
                    <instance_node url="#ID707" />
                </node>
                <node id="ID820" name="instance_49">
                    <matrix>-1 0 0 398.621 0 1 0 468.5039 0 -0 1 129.7074 0 0 0 1</matrix>
                    <instance_node url="#ID707" />
                </node>
                <node id="ID821" name="instance_50">
                    <matrix>1 0 0 -472.4409 0 1 0 448.8189 0 0 1 -353.6925 0 0 0 1</matrix>
                    <instance_node url="#ID52" />
                </node>
                <node id="ID822" name="instance_51">
                    <matrix>1 0 0 -472.4409 0 1 0 452.7559 0 0 1 133.6444 0 0 0 1</matrix>
                    <instance_node url="#ID62" />
                </node>
                <node id="ID823" name="instance_52">
                    <matrix>1 0 0 -398.621 0 1 0 -137.7953 0 0 1 129.7074 0 0 0 1</matrix>
                    <instance_node url="#ID232" />
                </node>
                <node id="ID824" name="instance_53">
                    <matrix>1 0 0 -503.937 0 1 0 -105.5628 0 0 1 -290.4859 0 0 0 1</matrix>
                    <instance_node url="#ID334" />
                </node>
                <node id="ID825" name="instance_54">
                    <matrix>-1 0 0 397.144 0 1 0 1.98952e-013 0 -0 1 268.5338 0 0 0 1</matrix>
                    <instance_node url="#ID826" />
                </node>
                <node id="ID904" name="instance_55">
                    <matrix>-1 0 0 398.621 0 1 0 -157.4803 0 -0 1 129.7074 0 0 0 1</matrix>
                    <instance_node url="#ID707" />
                </node>
                <node id="ID905" name="instance_56">
                    <matrix>-0.9296908 -3.839358e-032 0.3683409 400.1139 -4.129714e-032 1 0 -157.4803 0.3683409 1.521143e-032 0.9296908 174.0701 0 0 0 1</matrix>
                    <instance_node url="#ID504" />
                </node>
                <node id="ID906" name="instance_57">
                    <matrix>-1 0 0 398.621 0 1 0 -137.7953 0 -0 1 129.7074 0 0 0 1</matrix>
                    <instance_node url="#ID707" />
                </node>
                <node id="ID907" name="instance_58">
                    <matrix>-0.9713257 -4.438197e-032 0.2377526 246.1507 -4.569216e-032 1 0 -157.4803 0.2377526 1.086343e-032 0.9713257 218.4645 0 0 0 1</matrix>
                    <instance_node url="#ID504" />
                </node>
                <node id="ID908" name="instance_59">
                    <matrix>1 0 0 -398.621 0 1 0 -157.4803 0 0 1 129.7074 0 0 0 1</matrix>
                    <instance_node url="#ID232" />
                </node>
                <node id="ID909" name="instance_60">
                    <matrix>-1 0 0 472.4409 0 1 0 -141.7323 0 -0 1 133.6444 0 0 0 1</matrix>
                    <instance_node url="#ID536" />
                </node>
                <node id="ID910" name="instance_61">
                    <matrix>-1 0 0 497.6378 0 1 0 -103.0646 0 -0 1 -249.1086 0 0 0 1</matrix>
                    <instance_node url="#ID737" />
                </node>
                <node id="ID911" name="instance_62">
                    <matrix>-0.9527483 -5.51288e-016 0.3037609 323.8938 -5.498055e-016 1 9.040581e-017 -157.4803 0.3037609 8.087545e-017 0.9527483 198.9083 0 0 0 1</matrix>
                    <instance_node url="#ID504" />
                </node>
                <node id="ID912" name="instance_63">
                    <matrix>1 0 0 -397.144 0 1 0 -78.74016 0 0 1 256.7227 0 0 0 1</matrix>
                    <instance_node url="#ID73" />
                </node>
                <node id="ID913" name="instance_64">
                    <matrix>1 0 0 -405.018 0 1 0 -78.74016 0 0 1 268.5338 0 0 0 1</matrix>
                    <instance_node url="#ID83" />
                </node>
                <node id="ID914" name="instance_65">
                    <matrix>-1 0 0 405.018 0 1 0 -78.74016 0 -0 1 268.5338 0 0 0 1</matrix>
                    <instance_node url="#ID638" />
                </node>
                <node id="ID915" name="instance_66">
                    <matrix>0.9713257 4.789006e-032 -0.2377526 -246.1507 -4.930381e-032 1 0 -157.4803 0.2377526 1.172211e-032 0.9713257 218.4645 0 0 0 1</matrix>
                    <instance_node url="#ID33" />
                </node>
                <node id="ID916" name="instance_67">
                    <matrix>1 0 0 -397.144 0 -1 0 1.98952e-013 -0 0 1 268.5338 0 0 0 1</matrix>
                    <instance_node url="#ID156" />
                </node>
                <node id="ID917" name="instance_68">
                    <matrix>-1 0 0 472.4409 0 1 0 -157.4803 0 -0 1 -8.087861 0 0 0 1</matrix>
                    <instance_node url="#ID546" />
                </node>
                <node id="ID918" name="instance_69">
                    <matrix>1 0 0 -472.4409 0 1 0 -157.4803 0 0 1 -353.6925 0 0 0 1</matrix>
                    <instance_node url="#ID52" />
                </node>
                <node id="ID919" name="instance_70">
                    <matrix>1 0 0 -472.4409 0 1 0 -141.7323 0 0 1 133.6444 0 0 0 1</matrix>
                    <instance_node url="#ID62" />
                </node>
                <node id="ID920" name="instance_71">
                    <matrix>0.9947126 4.904312e-032 -0.1026978 -87.56317 -4.930381e-032 1 0 -157.4803 0.1026978 5.063394e-033 0.9947126 241.3886 0 0 0 1</matrix>
                    <instance_node url="#ID921" />
                </node>
                <node id="ID930" name="instance_72">
                    <matrix>1 0 0 -397.144 0 1 0 1.421085e-013 0 0 1 268.5338 0 0 0 1</matrix>
                    <instance_node url="#ID260" />
                </node>
                <node id="ID931" name="instance_73">
                    <matrix>1 0 0 -472.4409 0 1 0 -153.5433 0 0 1 133.6444 0 0 0 1</matrix>
                    <instance_node url="#ID62" />
                </node>
                <node id="ID932" name="instance_74">
                    <matrix>-0.9947126 -9.567888e-032 0.1026978 87.56317 -9.618746e-032 1 0 -157.4803 0.1026978 9.878243e-033 0.9947126 241.3886 0 0 0 1</matrix>
                    <instance_node url="#ID504" />
                </node>
                <node id="ID933" name="instance_75">
                    <matrix>-1 -3.053113e-016 -7.867147e-033 3.925146 3.053113e-016 -1 0 157.4803 -7.867147e-033 -2.401929e-048 1 244.9117 0 0 0 1</matrix>
                    <instance_node url="#ID33" />
                </node>
                <node id="ID934" name="instance_76">
                    <matrix>1 0 0 -497.6378 0 1 0 -157.4803 0 0 1 -353.6925 0 0 0 1</matrix>
                    <instance_node url="#ID370" />
                </node>
                <node id="ID935" name="instance_77">
                    <matrix>-1 0 0 472.4409 0 1 0 -157.4803 0 -0 1 -353.6925 0 0 0 1</matrix>
                    <instance_node url="#ID514" />
                </node>
                <node id="ID936" name="instance_78">
                    <matrix>0.9853358 3.249267e-016 -0.1706264 -167.2502 -2.786552e-016 1 2.951347e-016 -157.4803 0.1706264 -2.432608e-016 0.9853358 232.6469 0 0 0 1</matrix>
                    <instance_node url="#ID33" />
                </node>
                <node id="ID937" name="instance_79">
                    <matrix>-1 0 0 397.144 0 -1 0 2.557954e-013 0 0 1 268.5338 0 0 0 1</matrix>
                    <instance_node url="#ID260" />
                </node>
                <node id="ID938" name="instance_80">
                    <matrix>-0.9853358 -3.249267e-016 0.1706264 167.2502 -2.786552e-016 1 2.951347e-016 -157.4803 0.1706264 -2.432608e-016 0.9853358 232.6469 0 0 0 1</matrix>
                    <instance_node url="#ID504" />
                </node>
                <node id="ID939" name="instance_81">
                    <matrix>-1 0 0 497.6378 0 1 0 -157.4803 0 -0 1 -353.6925 0 0 0 1</matrix>
                    <instance_node url="#ID557" />
                </node>
                <node id="ID940" name="instance_82">
                    <matrix>1 0 0 -497.6378 0 1 0 -103.0646 0 0 1 -249.1086 0 0 0 1</matrix>
                    <instance_node url="#ID462" />
                </node>
                <node id="ID941" name="instance_83">
                    <matrix>-1 -4.930381e-032 8.224082e-032 3.925146 -4.930381e-032 1 0 -157.4803 8.224082e-032 4.054786e-063 1 244.9117 0 0 0 1</matrix>
                    <instance_node url="#ID504" />
                </node>
                <node id="ID942" name="instance_84">
                    <matrix>1 0 0 -472.4409 0 1 0 -157.4803 0 0 1 -8.087861 0 0 0 1</matrix>
                    <instance_node url="#ID3" />
                </node>
                <node id="ID943" name="instance_85">
                    <matrix>-1 0 0 397.144 0 1 0 -78.74016 0 -0 1 256.7227 0 0 0 1</matrix>
                    <instance_node url="#ID526" />
                </node>
                <node id="ID944" name="instance_86">
                    <matrix>1 3.053113e-016 7.867147e-033 -3.925146 3.053113e-016 -1 0 157.4803 -7.867147e-033 -2.401929e-048 1 244.9117 0 0 0 1</matrix>
                    <instance_node url="#ID504" />
                </node>
                <node id="ID945" name="instance_87">
                    <matrix>-1 0 0 503.937 0 1 0 -105.5628 0 -0 1 -290.4859 0 0 0 1</matrix>
                    <instance_node url="#ID779" />
                </node>
                <node id="ID946" name="instance_88">
                    <matrix>-1 0 0 472.4409 0 1 0 -153.5433 0 -0 1 133.6444 0 0 0 1</matrix>
                    <instance_node url="#ID536" />
                </node>
                <node id="ID947" name="instance_89">
                    <matrix>0.9296908 4.58373e-032 -0.3683409 -400.1139 -4.930381e-032 1 0 -157.4803 0.3683409 1.816061e-032 0.9296908 174.0701 0 0 0 1</matrix>
                    <instance_node url="#ID33" />
                </node>
                <node id="ID948" name="instance_90">
                    <matrix>0.9527483 5.51288e-016 -0.3037609 -323.8938 -5.498055e-016 1 9.040581e-017 -157.4803 0.3037609 8.087545e-017 0.9527483 198.9083 0 0 0 1</matrix>
                    <instance_node url="#ID33" />
                </node>
                <node id="ID949" name="instance_91">
                    <matrix>1 0 0 -472.4409 0 1 0 -456.6929 0 0 1 133.6444 0 0 0 1</matrix>
                    <instance_node url="#ID62" />
                </node>
                <node id="ID950" name="instance_92">
                    <matrix>-1 -4.930381e-032 8.224082e-032 3.925146 -4.930381e-032 1 0 -472.4409 8.224082e-032 4.054786e-063 1 244.9117 0 0 0 1</matrix>
                    <instance_node url="#ID504" />
                </node>
                <node id="ID951" name="instance_93">
                    <matrix>-1 0 0 472.4409 0 1 0 -472.4409 0 -0 1 -353.6925 0 0 0 1</matrix>
                    <instance_node url="#ID514" />
                </node>
                <node id="ID952" name="instance_94">
                    <matrix>0.9853358 3.249267e-016 -0.1706264 -167.2502 -2.786552e-016 1 2.951347e-016 -472.4409 0.1706264 -2.432608e-016 0.9853358 232.6469 0 0 0 1</matrix>
                    <instance_node url="#ID33" />
                </node>
                <node id="ID953" name="instance_95">
                    <matrix>-1 0 0 397.144 0 -1 0 -314.9606 0 0 1 268.5338 0 0 0 1</matrix>
                    <instance_node url="#ID260" />
                </node>
                <node id="ID954" name="instance_96">
                    <matrix>-0.9853358 -3.249267e-016 0.1706264 167.2502 -2.786552e-016 1 2.951347e-016 -472.4409 0.1706264 -2.432608e-016 0.9853358 232.6469 0 0 0 1</matrix>
                    <instance_node url="#ID504" />
                </node>
                <node id="ID955" name="instance_97">
                    <matrix>1 0 0 -472.4409 0 1 0 -472.4409 0 0 1 -8.087861 0 0 0 1</matrix>
                    <instance_node url="#ID3" />
                </node>
                <node id="ID956" name="instance_98">
                    <matrix>-1 0 0 397.144 0 1 0 -393.7008 0 -0 1 256.7227 0 0 0 1</matrix>
                    <instance_node url="#ID526" />
                </node>
                <node id="ID957" name="instance_99">
                    <matrix>1 0 0 -497.6378 0 1 0 -472.4409 0 0 1 -353.6925 0 0 0 1</matrix>
                    <instance_node url="#ID370" />
                </node>
                <node id="ID958" name="instance_100">
                    <matrix>1 0 0 -397.144 0 -1 0 -314.9606 -0 0 1 268.5338 0 0 0 1</matrix>
                    <instance_node url="#ID156" />
                </node>
                <node id="ID959" name="instance_101">
                    <matrix>-1 0 0 472.4409 0 1 0 -456.6929 0 -0 1 133.6444 0 0 0 1</matrix>
                    <instance_node url="#ID536" />
                </node>
                <node id="ID960" name="instance_102">
                    <matrix>1 0 0 -397.144 0 1 0 -393.7008 0 0 1 256.7227 0 0 0 1</matrix>
                    <instance_node url="#ID73" />
                </node>
                <node id="ID961" name="instance_103">
                    <matrix>1 0 0 -397.144 0 1 0 -314.9606 0 0 1 268.5338 0 0 0 1</matrix>
                    <instance_node url="#ID260" />
                </node>
                <node id="ID962" name="instance_104">
                    <matrix>1 0 0 -472.4409 0 1 0 -472.4409 0 0 1 -353.6925 0 0 0 1</matrix>
                    <instance_node url="#ID52" />
                </node>
                <node id="ID963" name="instance_105">
                    <matrix>1 0 0 -472.4409 0 1 0 -468.5039 0 0 1 133.6444 0 0 0 1</matrix>
                    <instance_node url="#ID62" />
                </node>
                <node id="ID964" name="instance_106">
                    <matrix>-1 0 0 472.4409 0 1 0 -472.4409 0 -0 1 -8.087861 0 0 0 1</matrix>
                    <instance_node url="#ID546" />
                </node>
                <node id="ID965" name="instance_107">
                    <matrix>1 0 0 -405.018 0 1 0 -393.7008 0 0 1 268.5338 0 0 0 1</matrix>
                    <instance_node url="#ID83" />
                </node>
                <node id="ID966" name="instance_108">
                    <matrix>0.9713257 4.789006e-032 -0.2377526 -246.1507 -4.930381e-032 1 0 -472.4409 0.2377526 1.172211e-032 0.9713257 218.4645 0 0 0 1</matrix>
                    <instance_node url="#ID33" />
                </node>
                <node id="ID967" name="instance_109">
                    <matrix>1 0 0 -398.621 0 1 0 -472.4409 0 0 1 129.7074 0 0 0 1</matrix>
                    <instance_node url="#ID232" />
                </node>
                <node id="ID968" name="instance_110">
                    <matrix>0.9947126 4.904312e-032 -0.1026978 -87.56317 -4.930381e-032 1 0 -472.4409 0.1026978 5.063394e-033 0.9947126 241.3886 0 0 0 1</matrix>
                    <instance_node url="#ID33" />
                </node>
                <node id="ID969" name="instance_111">
                    <matrix>0.9527483 5.51288e-016 -0.3037609 -323.8938 -5.498055e-016 1 9.040581e-017 -472.4409 0.3037609 8.087545e-017 0.9527483 198.9083 0 0 0 1</matrix>
                    <instance_node url="#ID33" />
                </node>
                <node id="ID970" name="instance_112">
                    <matrix>0.9296908 4.58373e-032 -0.3683409 -400.1139 -4.930381e-032 1 0 -472.4409 0.3683409 1.816061e-032 0.9296908 174.0701 0 0 0 1</matrix>
                    <instance_node url="#ID33" />
                </node>
                <node id="ID971" name="instance_113">
                    <matrix>-1 0 0 472.4409 0 1 0 -468.5039 0 -0 1 133.6444 0 0 0 1</matrix>
                    <instance_node url="#ID536" />
                </node>
                <node id="ID972" name="instance_114">
                    <matrix>1 0 0 -398.621 0 1 0 -452.7559 0 0 1 129.7074 0 0 0 1</matrix>
                    <instance_node url="#ID232" />
                </node>
                <node id="ID973" name="instance_115">
                    <matrix>1 0 0 -497.6378 0 1 0 -418.0252 0 0 1 -249.1086 0 0 0 1</matrix>
                    <instance_node url="#ID462" />
                </node>
                <node id="ID974" name="instance_116">
                    <matrix>-1 0 0 497.6378 0 1 0 -472.4409 0 -0 1 -353.6925 0 0 0 1</matrix>
                    <instance_node url="#ID557" />
                </node>
                <node id="ID975" name="instance_117">
                    <matrix>-1 0 0 397.144 0 1 0 -314.9606 0 -0 1 268.5338 0 0 0 1</matrix>
                    <instance_node url="#ID156" />
                </node>
                <node id="ID976" name="instance_118">
                    <matrix>1 0 0 -503.937 0 1 0 -420.5234 0 0 1 -290.4859 0 0 0 1</matrix>
                    <instance_node url="#ID334" />
                </node>
                <node id="ID977" name="instance_119">
                    <matrix>-1 -3.053113e-016 -7.867147e-033 3.925146 3.053113e-016 -1 0 -157.4803 -7.867147e-033 -2.401929e-048 1 244.9117 0 0 0 1</matrix>
                    <instance_node url="#ID33" />
                </node>
                <node id="ID978" name="instance_120">
                    <matrix>-1 0 0 405.018 0 1 0 -393.7008 0 -0 1 268.5338 0 0 0 1</matrix>
                    <instance_node url="#ID638" />
                </node>
                <node id="ID979" name="instance_121">
                    <matrix>-0.9713257 -4.438197e-032 0.2377526 246.1507 -4.569216e-032 1 0 -472.4409 0.2377526 1.086343e-032 0.9713257 218.4645 0 0 0 1</matrix>
                    <instance_node url="#ID504" />
                </node>
                <node id="ID980" name="instance_122">
                    <matrix>-1 0 0 398.621 0 1 0 -472.4409 0 -0 1 129.7074 0 0 0 1</matrix>
                    <instance_node url="#ID707" />
                </node>
                <node id="ID981" name="instance_123">
                    <matrix>-0.9947126 -9.567888e-032 0.1026978 87.56317 -9.618746e-032 1 0 -472.4409 0.1026978 9.878243e-033 0.9947126 241.3886 0 0 0 1</matrix>
                    <instance_node url="#ID504" />
                </node>
                <node id="ID982" name="instance_124">
                    <matrix>-0.9527483 -5.51288e-016 0.3037609 323.8938 -5.498055e-016 1 9.040581e-017 -472.4409 0.3037609 8.087545e-017 0.9527483 198.9083 0 0 0 1</matrix>
                    <instance_node url="#ID504" />
                </node>
                <node id="ID983" name="instance_125">
                    <matrix>-0.9296908 -3.839358e-032 0.3683409 400.1139 -4.129714e-032 1 0 -472.4409 0.3683409 1.521143e-032 0.9296908 174.0701 0 0 0 1</matrix>
                    <instance_node url="#ID504" />
                </node>
                <node id="ID984" name="instance_126">
                    <matrix>-1 0 0 398.621 0 1 0 -452.7559 0 -0 1 129.7074 0 0 0 1</matrix>
                    <instance_node url="#ID707" />
                </node>
                <node id="ID985" name="instance_127">
                    <matrix>-1 0 0 497.6378 0 1 0 -418.0252 0 -0 1 -249.1086 0 0 0 1</matrix>
                    <instance_node url="#ID737" />
                </node>
                <node id="ID986" name="instance_128">
                    <matrix>-1 0 0 503.937 0 1 0 -420.5234 0 -0 1 -290.4859 0 0 0 1</matrix>
                    <instance_node url="#ID779" />
                </node>
                <node id="ID987" name="instance_129">
                    <matrix>1 3.053113e-016 7.867147e-033 -3.925146 3.053113e-016 -1 0 -157.4803 -7.867147e-033 -2.401929e-048 1 244.9117 0 0 0 1</matrix>
                    <instance_node url="#ID504" />
                </node>
                <node id="ID988" name="instance_130">
                    <matrix>1 0 0 -472.4409 0 -1 0 -472.4409 -0 0 1 -353.6925 0 0 0 1</matrix>
                    <instance_node url="#ID989" />
                </node>
                <node id="ID998" name="kontajner">
                    <matrix>1 0 0 -101.3382 0 1 0 -393.8189 0 0 1 -353.6925 0 0 0 1</matrix>
                    <instance_node url="#ID999" />
                </node>
                <node id="ID1020" name="kontajner">
                    <matrix>0.8746197 -0.4848096 8.183879e-017 165.9161 0.4848096 0.8746197 2.078639e-016 -310.8099 -1.723523e-016 -1.421257e-016 1 -353.6925 0 0 0 1</matrix>
                    <instance_node url="#ID999" />
                </node>
                <node id="ID1021" name="kontajner">
                    <matrix>1 0 0 255.0668 0 1 0 44.17664 0 0 1 -353.6925 0 0 0 1</matrix>
                    <instance_node url="#ID999" />
                </node>
                <node id="ID1022" name="kontajner">
                    <matrix>0.4524347 0.8917975 0 -38.29816 -0.8917975 0.4524347 0 -307.4795 0 -0 1 -256.8421 0 0 0 1</matrix>
                    <instance_node url="#ID999" />
                </node>
                <node id="ID1023" name="kontajner">
                    <matrix>1 0 0 -18.91628 0 1 0 218.8248 0 0 1 -353.6925 0 0 0 1</matrix>
                    <instance_node url="#ID999" />
                </node>
                <node id="ID1024" name="kontajner">
                    <matrix>0.9515944 -0.3073566 9.804751e-017 -344.132 0.3073566 0.9515944 -9.825233e-017 129.8852 -6.310296e-017 1.236319e-016 1 -353.6925 0 0 0 1</matrix>
                    <instance_node url="#ID999" />
                </node>
            </node>
        </visual_scene>
    </library_visual_scenes>
    <library_nodes>
        <node id="ID3" name="nosnik_stena">
            <instance_geometry url="#ID4">
                <bind_material>
                    <technique_common>
                        <instance_material symbol="Material2" target="#ID5">
                            <bind_vertex_input semantic="UVSET0" input_semantic="TEXCOORD" input_set="0" />
                        </instance_material>
                    </technique_common>
                </bind_material>
            </instance_geometry>
        </node>
        <node id="ID18" name="back_wall">
            <instance_geometry url="#ID19">
                <bind_material>
                    <technique_common>
                        <instance_material symbol="Material2" target="#ID20">
                            <bind_vertex_input semantic="UVSET0" input_semantic="TEXCOORD" input_set="0" />
                        </instance_material>
                    </technique_common>
                </bind_material>
            </instance_geometry>
        </node>
        <node id="ID33" name="nosnik_storp">
            <instance_geometry url="#ID34">
                <bind_material>
                    <technique_common>
                        <instance_material symbol="Material2" target="#ID35">
                            <bind_vertex_input semantic="UVSET0" input_semantic="TEXCOORD" input_set="0" />
                        </instance_material>
                    </technique_common>
                </bind_material>
            </instance_geometry>
        </node>
        <node id="ID52" name="sloup_a">
            <instance_geometry url="#ID53">
                <bind_material>
                    <technique_common>
                        <instance_material symbol="Material2" target="#ID5">
                            <bind_vertex_input semantic="UVSET0" input_semantic="TEXCOORD" input_set="0" />
                        </instance_material>
                    </technique_common>
                </bind_material>
            </instance_geometry>
        </node>
        <node id="ID62" name="nosnik_strop_oblouk">
            <instance_geometry url="#ID63">
                <bind_material>
                    <technique_common>
                        <instance_material symbol="Material2" target="#ID35">
                            <bind_vertex_input semantic="UVSET0" input_semantic="TEXCOORD" input_set="0" />
                        </instance_material>
                    </technique_common>
                </bind_material>
            </instance_geometry>
        </node>
        <node id="ID73" name="stresni_okno">
            <instance_geometry url="#ID74">
                <bind_material>
                    <technique_common>
                        <instance_material symbol="Material2" target="#ID35">
                            <bind_vertex_input semantic="UVSET0" input_semantic="TEXCOORD" input_set="0" />
                        </instance_material>
                    </technique_common>
                </bind_material>
            </instance_geometry>
        </node>
        <node id="ID83" name="okno_b">
            <instance_geometry url="#ID115">
                <bind_material>
                    <technique_common>
                        <instance_material symbol="Material2" target="#ID35">
                            <bind_vertex_input semantic="UVSET0" input_semantic="TEXCOORD" input_set="0" />
                        </instance_material>
                    </technique_common>
                </bind_material>
            </instance_geometry>
            <instance_geometry url="#ID123">
                <bind_material>
                    <technique_common>
                        <instance_material symbol="Material2" target="#ID35">
                            <bind_vertex_input semantic="UVSET0" input_semantic="TEXCOORD" input_set="0" />
                        </instance_material>
                    </technique_common>
                </bind_material>
            </instance_geometry>
            <instance_geometry url="#ID131">
                <bind_material>
                    <technique_common>
                        <instance_material symbol="Material2" target="#ID35">
                            <bind_vertex_input semantic="UVSET0" input_semantic="TEXCOORD" input_set="0" />
                        </instance_material>
                    </technique_common>
                </bind_material>
            </instance_geometry>
            <instance_geometry url="#ID139">
                <bind_material>
                    <technique_common>
                        <instance_material symbol="Material2" target="#ID35">
                            <bind_vertex_input semantic="UVSET0" input_semantic="TEXCOORD" input_set="0" />
                        </instance_material>
                    </technique_common>
                </bind_material>
            </instance_geometry>
            <instance_geometry url="#ID147">
                <bind_material>
                    <technique_common>
                        <instance_material symbol="Material2" target="#ID35">
                            <bind_vertex_input semantic="UVSET0" input_semantic="TEXCOORD" input_set="0" />
                        </instance_material>
                    </technique_common>
                </bind_material>
            </instance_geometry>
            <node id="ID84" name="instance_12">
                <matrix>1 0 0 -5.684342e-014 0 1 0 6.0628 0 0 1 2.598343 0 0 0 1</matrix>
                <instance_node url="#ID85" />
            </node>
        </node>
        <node id="ID85" name="glass_t">
            <instance_geometry url="#ID86">
                <bind_material>
                    <technique_common>
                        <instance_material symbol="Material2" target="#ID87">
                            <bind_vertex_input semantic="UVSET0" input_semantic="TEXCOORD" input_set="0" />
                        </instance_material>
